9	0	0.014568474137287235
9	1	0.0064342951116393345
9	2	0.04974720455714709
9	3	0.005225209636725816
9	4	0.004268188905161934
9	5	0.007117780985979113
9	6	0.03365903868998117
9	7	0.004120490796365422
9	8	0.004404573067828297
9	9	0.012625776888608668
9	10	0.020910285240557533
9	11	0.03667809589413064
9	12	0.004131697116249658
9	13	0.004093639369155265
9	14	0.005479183959388556
9	15	0.011470373454589068
9	16	0.00408315169475936
9	17	0.007711032301207875
9	18	0.22106374008405252
9	19	0.011554852811711695
9	20	0.004722605350172111
9	21	0.004288669748665406
9	22	0.006867411574034964
9	23	0.009521806581630234
9	24	0.00554757278805334
9	25	0.01053663360322425
9	26	0.018608725403673535
9	27	0.010775458361469122
9	28	0.016487316209669995
9	29	0.006936580709629595
9	30	0.004532968821524525
9	31	0.032533635251416664
9	32	0.004504748445170235
9	33	0.010068533321528824
9	34	0.004837899494508952
9	35	0.01718724608149983
9	36	0.020076144483667957
9	37	0.015814683290247475
9	38	0.00524506605230917
9	39	0.00554713523996386
9	40	0.010003662674740224
9	41	0.020132878606362852
9	42	0.24056305946505052
9	43	0.005582727854224624
9	44	0.004768179521194517
9	45	0.005367647702617594
9	46	0.008168622372223587
9	47	0.03767210163550215
9	48	0.009007562915964199
9	49	0.004206609416684578
9	50	0.01460999061062115
9	51	0.0055664779685055685
9	52	0.010527220032068019
9	53	0.0100194822894649
9	54	0.009401473908293436
9	55	0.006125021711986016
9	56	0.006300474192156557
9	57	0.006286211955742627
9	58	0.010589252153864418
9	59	0.009497494787840108
9	60	0.004671783533246507
9	61	0.015924897073868953
9	62	0.005923515578230422
9	63	0.009257629245485444
9	64	0.0050936008488375924
9	65	0.00987852850091119
9	66	0.008062628680184036
9	67	0.01361952402200305
9	68	0.004602117390613423
9	69	0.012363497976981474
9	70	0.013541080760974891
9	71	0.0054302767408130805
9	72	0.011194848583145688
9	73	0.020213547578093353
9	74	0.009249737945458423
9	75	0.007817116605165476
9	76	0.014256822772665597
9	77	0.004690701698361399
9	78	0.20881088440125956
9	79	0.013614535342853137
9	80	0.031840950797799715
9	81	0.013852063448320812
9	82	0.010742309808302729
9	83	0.005132264854979109
9	84	0.2967948810501466
9	85	0.011106766675120665
9	86	0.006061623130317325
9	87	0.02077631406921667
9	88	0.00930241183987076
9	89	0.1948935859943066
9	90	0.00506506247917217
9	91	0.02494038676073845
9	92	0.006519157341824542
9	93	0.013781869896440722
9	94	0.006457863565800539
9	95	0.0351277853682567
9	96	0.01130377049977581
9	97	0.01655776320682871
9	98	0.006041267934237383
9	99	0.006592627154806296
9	100	0.005538118158884591
9	101	0.005885589599840609
9	102	0.004604199725220642
9	103	0.008481929566461073
9	104	0.0124435138155656
9	105	0.04352622653421599
9	106	0.007881442220116929
9	107	0.004360229523985063
9	108	0.028602881944385074
9	109	0.008199647702181526
9	110	0.004117974782741769
9	111	0.006475928137060448
9	112	0.008877273898698098
9	113	0.008650893316620265
9	114	0.009859018791394667
9	115	0.01604465892492245
9	116	0.007327999254907391
9	117	0.006106817530074695
9	118	0.004269373385845077
9	119	0.00428531679124728
9	120	0.006363849033989496
9	121	0.04095028365140391
9	122	0.011349207652027522
9	123	0.004040806528458173
9	124	0.030841011369082013
9	125	0.007125741298811689
9	126	0.014084627112538174
9	127	0.005119032998867431
9	128	0.020314378035336454
9	129	0.007655658423347552
9	130	0.004015596284493608
9	131	0.022411621635089266
9	132	0.20595060149342614
9	133	0.012860895890616644
9	134	0.005417433208726472
9	135	0.004502972590953143
9	136	0.004896544877244253
9	137	0.005548878865981213
9	138	0.00516460471188954
9	139	0.008117054899660204
9	140	0.015209517245604383
9	141	0.01461231249459051
9	142	0.009809674183178381
9	143	0.008697749949925171
9	144	0.006502953254500943
9	145	0.011707811907503002
9	146	0.007779054200428255
9	147	0.007186362348467667
9	148	0.006634563277355705
9	149	0.009825791518762688
9	150	0.08144300651109428
9	151	0.01322059632666029
9	152	0.009036000607340758
9	153	0.005230223057131291
9	154	0.047314442758824675
9	155	0.017405584119997587
9	156	0.012350966789594053
9	157	0.011643688185893094
9	158	0.00783305084234472
9	159	0.00585436245724973
9	160	0.004317976151791988
9	161	0.07306605876080077
9	162	0.02140784017915931
9	163	0.027300097393740765
9	164	0.029835304147329857
9	165	0.011166730267118117
9	166	0.034861125014765924
9	167	0.008893836125138601
9	168	0.020054029585837907
9	169	0.006631235487074033
9	170	0.004024694760222214
9	171	0.006457247153134214
9	172	0.006604490884255802
9	173	0.014145964557467848
9	174	0.01393324053276143
9	175	0.008795478301438581
9	176	0.04655370209417842
9	177	0.010010450865437679
9	178	0.005424526323143172
9	179	0.0052222885111089514
9	180	0.004463016841066447
9	181	0.00940892344400691
9	182	0.010366035205373252
9	183	0.005336979911417158
9	184	0.022842613266528623
9	185	0.004320982316406941
9	186	0.7987482529686709
9	187	0.24858444679835612
9	188	0.025247243438161905
9	189	0.008805494170149145
9	190	0.03098430975245474
9	191	0.19540204405483155
9	192	0.08913133839566574
9	193	0.005308690985620524
9	194	0.01066844726170775
9	195	0.004349456649134531
9	196	0.004644779896687185
9	197	0.013090145961921536
9	198	0.003987882543102439
9	199	0.009241814584007123
9	200	0.0350964196766288
9	201	0.026799796163931293
9	202	0.04220255963945834
9	203	0.03294639645674568
9	204	0.2710641399653984
9	205	0.009229946991552183
9	206	0.023784020801363437
9	207	0.008833841027714442
9	208	0.004506631795326348
9	209	0.005855108316985367
9	210	0.0177088176558778
9	211	0.004588381663303079
9	212	0.009191830201900142
9	213	0.01212433650987655
9	214	0.0040014463999135325
9	215	0.0067309839977793585
9	216	0.0045968902419566806
9	217	0.011763822992487663
9	218	0.004706259958426942
9	219	0.08775251669221368
9	220	0.006906001020435223
9	221	0.015232199522230613
9	222	0.018809251685035878
9	223	0.008418503809957331
9	224	0.007344228786803256
9	225	0.014526248181413468
9	226	0.004162542633349406
9	227	0.007565900767509014
9	228	0.007997339753915644
9	229	0.017356279812945453
9	230	0.004476706534305396
9	231	0.01894291076358294
9	232	0.0064669705335851126
9	233	0.007165741646437872
9	234	0.00801552594401502
9	235	0.010778007991723975
9	236	0.007316409112892236
9	237	0.005917351882673189
9	238	0.0074262843533496195
9	239	0.009908732544880205
9	240	0.01271018660862435
9	241	0.8291695132804239
9	242	0.19568263448074621
9	243	0.006994061997979078
9	244	0.005237011188611346
9	245	0.005613052403678039
9	246	0.015820757779939427
9	247	0.007000818045176615
9	248	0.004495157573679649
9	249	0.00441347077140519
9	250	0.22783526155650766
9	251	0.00543588775615685
9	252	0.005388256397097518
9	253	0.004014718789472972
9	254	0.05494035899331373
9	255	0.005710855825261087
9	256	0.007052020574110609
9	257	0.19545785655710782
9	258	0.03206113374132575
9	259	0.004854063054215516
9	260	0.009923874012493266
9	261	0.006153117628415424
9	262	0.01032038902759046
9	263	0.01137299663720807
9	264	0.009114992603489656
9	265	0.006579221472942874
9	266	0.007807913499242208
9	267	0.01175043771068785
9	268	0.008790632690661876
9	269	0.004204101472697494
9	270	0.07725973572331095
9	271	0.004902685338288836
9	272	0.0404545975133687
9	273	0.004924584488532736
9	274	0.003967441158681426
9	275	0.029959736645272884
9	276	0.030075906116230615
9	277	0.016113003789472287
9	278	0.006148114433063296
9	279	0.014890618646445163
9	280	0.004344538748088244
9	281	0.009275649732599646
9	282	0.007509332226334099
9	283	0.00859764756882907
9	284	0.008949283086823702
9	285	0.004023144722726737
9	286	0.00423534252055317
9	287	0.006219663608457181
9	288	0.011270178373077137
9	289	0.042008228812345685
9	290	0.00899843581622867
9	291	0.014120278311631632
9	292	0.003997425427836058
9	293	0.004796437935617912
9	294	0.04036553782839874
9	295	0.005573972012787954
9	296	0.007837895465418743
9	297	0.005257821614846646
9	298	0.01466602292761067
9	299	0.05952519026926338
9	300	0.019021559518058485
9	301	0.010532121202617064
9	302	0.21403290693967458
9	303	0.026528970927961477
9	304	0.009064514458717062
9	305	0.009289069886676146
9	306	0.009291066794369541
9	307	0.010981001565361515
9	308	0.07743989936723135
9	309	0.00615285223256454
9	310	0.02412065085023728
9	311	0.006548279340200659
9	312	0.0056682406664493494
9	313	0.008634330017048834
9	314	0.010759224192418487
9	315	0.007161233139867827
9	316	0.22664570336302892
9	317	0.026818451802544177
9	318	0.20005570394969363
9	319	0.024504615953989468
9	320	0.009251635409100123
9	321	0.006187316253166236
9	322	0.004806933869154133
9	323	0.007026207002563609
9	324	0.022164313958095365
9	325	0.049032505226376165
9	326	0.009663299635945529
9	327	0.004760300482493574
9	328	0.0076395157299330415
9	329	0.009816732435615885
9	330	0.006520128719614315
9	331	0.0062012421450458625
9	332	0.019677155411413967
9	333	0.01919923218630872
9	334	0.005894470742945428
9	335	0.006184541120128261
9	336	0.013903914069119339
9	337	0.19556856736454095
9	338	0.004428416923262111
9	339	0.014083454199050233
9	340	0.01031200943681338
9	341	0.011257004612296829
9	342	0.0070989992028749884
9	343	0.009445834186588009
9	344	0.08775897884854532
9	345	0.004296335661254581
9	346	0.010940915988125723
9	347	0.00778197536240464
9	348	1.4037843636970175
9	349	0.0075550175455337525
9	350	0.3805812526116579
9	351	0.006976042068511904
9	352	0.004164992550423464
9	353	0.041070677703279886
9	354	0.004035334703436388
9	355	0.005601818858916089
9	356	0.004449967850123467
9	357	0.028907995195875454
9	358	0.005973673927402227
9	359	0.0067686573465523155
9	360	0.06274402800322085
9	361	0.007572050883585543
9	362	0.004861343908968436
9	363	0.0051425813201086915
9	364	0.005071550155208558
9	365	0.016127178364582474
9	366	0.005395540502417299
9	367	0.004108177795939408
9	368	0.0042635937657873055
9	369	0.016192260495596078
9	370	0.01151539473305121
9	371	0.00819216110871915
9	372	0.04788150549323448
9	373	0.006418623850651312
9	374	0.012023239712220888
9	375	0.02545359077267581
9	376	0.01590283505258636
9	377	0.03714504571238234
9	378	0.0390259331642962
9	379	0.008818912033424248
9	380	0.006776263860587289
9	381	0.2161348924002739
9	382	0.006541491802356503
9	383	0.010790928597424332
9	384	0.004980335654457962
9	385	0.008411864015953483
9	386	0.02420389911591302
9	387	0.005143485909709943
9	388	0.01731324386671767
9	389	0.01076467323584323
9	390	0.005629054719645851
9	391	0.006038835219485581
9	392	0.006931266452626276
9	393	0.01668485493831517
9	394	0.0055975191169855025
9	395	0.048606204849598135
9	396	0.006499909041005486
9	397	0.19767976363890946
9	398	0.012953212176596368
9	399	0.011987657988283627
9	400	0.005650039080645399
9	401	0.00839690361596607
9	402	0.025442656581102733
9	403	0.0214544284151743
9	404	0.005654908429363929
9	405	0.008646490642867885
9	406	0.006601919321612507
9	407	0.010791842873360406
9	408	0.01410709845968748
9	409	0.010232324585456247
9	410	0.005856499848703927
9	411	0.026576378808184954
9	412	0.00791236452992047
9	413	0.007324674631186316
9	414	0.016949378190123394
9	415	0.01878716690590374
9	416	0.004858135389739411
9	417	0.007543143796015675
9	418	1.2426633587708849
9	419	0.005171671104284411
9	420	0.009431893905033753
9	421	0.007650871410372926
9	422	0.004754217433047499
9	423	0.01386829026339281
9	424	0.004452740093133686
9	425	0.02483023711829327
9	426	0.019554297367903057
9	427	0.008035861307977078
9	428	0.043501711915254634
9	429	0.02501640837668812
9	430	0.005785410553902791
9	431	0.00892209957679161
9	432	0.006487245032980948
9	433	0.02482416978996875
9	434	0.05497430249112961
9	435	0.005007401274801931
9	436	0.003963791379886429
9	437	0.024483647672255186
9	438	0.005190161513360208
9	439	0.0064862388835813896
9	440	0.005295735454799109
9	441	0.00735870205125635
9	442	0.004503262130830411
9	443	0.018828696956479735
9	444	0.00616933668713209
9	445	0.010111331255360232
9	446	0.2154189803838454
9	447	0.004855860437063716
9	448	0.017786973060403104
9	449	0.004907898695160452
9	450	0.004670952099015039
9	451	0.0058786814378530595
9	452	0.005354280907480953
9	453	0.005278351318352555
9	454	0.004303890329798406
9	455	0.00961985362898357
9	456	0.01965203646047821
9	457	0.010414109109038217
9	458	0.020392019381801667
9	459	0.004957896432731871
9	460	0.010892781571555862
9	461	0.007972496528799514
9	462	0.04054315230144123
9	463	0.013468506449416174
9	464	0.007508682958424676
9	465	0.034876282443991075
9	466	0.009550479835544304
9	467	0.012773148013293876
9	468	0.012936952459712218
9	469	0.03131199633172436
9	470	0.023594032297351193
9	471	0.2680823507936662
9	472	0.017496255879574235
9	473	0.011566695759982867
9	474	0.0047386524315777044
9	475	0.20979093613686425
9	476	0.019011213724092285
9	477	0.004290823728706962
9	478	0.0047700428551719605
9	479	0.03976912563463635
9	480	0.007414947519075834
9	481	0.004218643634521167
9	482	0.004758181190735236
9	483	0.006876196340844624
9	484	0.007982753760043206
9	485	0.028934438760236422
9	486	0.01265296783256434
9	487	0.008037676096510609
9	488	0.005606580397419362
9	489	0.021764880033166824
9	490	0.005620746784250105
9	491	0.2582966531161597
9	492	0.006201275218281588
9	493	0.009958187478149397
9	494	0.008654621915719323
9	495	0.22886837370374338
9	496	0.007291291546728317
9	497	0.00825248904937061
9	498	0.01576736558058413
